730185965008
730185965015
730185965022
730185965039
730185965046
730185965053
730185965060
730185965077
730185965084
730185965091
730185965107
730185965114
730185965121
730185965138
730185965145
730185965152
730185965169
730185965176
730185965183
730185965190
730185965206
730185965213
730185965220
730185965237
730185965244
730185965251
730185965268
730185965275
730185965282
730185965299
730185965305
730185965312
730185965329
730185965336
730185965343
730185965350
730185965367
730185965374
730185965381
730185965398
730185965404
730185965411
730185965428
730185965435
730185965442
730185965459
730185965466
730185965473
730185965480
730185965497
730185965503
730185965510
730185965527
730185965534
730185965541
730185965558
730185965565
730185965572
730185965589
730185965596
730185965602
730185965619
730185965626
730185965633
730185965640
730185965657
730185965664
730185965671
730185965688
730185965695
730185965701
730185965718
730185965725
730185965732
730185965749
730185965756
730185965763
730185965770
730185965787
730185965794
730185965800
730185965817
730185965824
730185965831
730185965848
730185965855
730185965862
730185965879
730185965886
730185965893
730185965909
730185965916
730185965923
730185965930
730185965947
730185965954
730185965961
730185965978
730185965985
730185965992
730185966005
730185966012
730185966029
730185966036
730185966043
730185966050
730185966067
730185966074
730185966081
730185966098
730185966104
730185966111
730185966128
730185966135
730185966142
730185966159
730185966166
730185966173
730185966180
730185966197
730185966203
730185966210
730185966227
730185966234
730185966241
730185966258
730185966265
730185966272
730185966289
730185966296
730185966302
730185966319
730185966326
730185966333
730185966340
730185966357
730185966364
730185966371
730185966388
730185966395
730185966401
730185966418
730185966425
730185966432
730185966449
730185966456
730185966463
730185966470
730185966487
730185966494
730185966500
730185966517
730185966524
730185966531
730185966548
730185966555
730185966562
730185966579
730185966586
730185966593
730185966609
730185966616
730185966623
730185966630
730185966647
730185966654
730185966661
730185966678
730185966685
730185966692
730185966708
730185966715
730185966722
730185966739
730185966746
730185966753
730185966760
730185966777
730185966784
730185966791
730185966807
730185966814
730185966821
730185966838
730185966845
730185966852
730185966869
730185966876
730185966883
730185966890
730185966906
730185966913
730185966920
730185966937
730185966944
730185966951
730185966968
730185966975
730185966982
730185966999
730185967002
730185967019
730185967026
730185967033
730185967040
730185967057
730185967064
730185967071
730185967088
730185967095
730185967101
730185967118
730185967125
730185967132
730185967149
730185967156
730185967163
730185967170
730185967187
730185967194
730185967200
730185967217
730185967224
730185967231
730185967248
730185967255
730185967262
730185967279
730185967286
730185967293
730185967309
730185967316
730185967323
730185967330
730185967347
730185967354
730185967361
730185967378
730185967385
730185967392
730185967408
730185967415
730185967422
730185967439
730185967446
730185967453
730185967460
730185967477
730185967484
730185967491
730185967507
730185967514
730185967521
730185967538
730185967545
730185967552
730185967569
730185967576
730185967583
730185967590
730185967606
730185967613
730185967620
730185967637
730185967644
730185967651
730185967668
730185967675
730185967682
730185967699
730185967705
730185967712
730185967729
730185967736
730185967743
730185967750
730185967767
730185967774
730185967781
730185967798
730185967804
730185967811
730185967828
730185967835
730185967842
730185967859
730185967866
730185967873
730185967880
730185967897
730185967903
730185967910
730185967927
730185967934
730185967941
730185967958
730185967965
730185967972
730185967989
730185967996
730185968009
730185968016
730185968023
730185968030
730185968047
730185968054
730185968061
730185968078
730185968085
730185968092
730185968108
730185968115
730185968122
730185968139
730185968146
730185968153
730185968160
730185968177
730185968184
730185968191
730185968207
730185968214
730185968221
730185968238
730185968245
730185968252
730185968269
730185968276
730185968283
730185968290
730185968306
730185968313
730185968320
730185968337
730185968344
730185968351
730185968368
730185968375
730185968382
730185968399
730185968405
730185968412
730185968429
730185968436
730185968443
730185968450
730185968467
730185968474
730185968481
730185968498
730185968504
730185968511
730185968528
730185968535
730185968542
730185968559
730185968566
730185968573
730185968580
730185968597
730185968603
730185968610
730185968627
730185968634
730185968641
730185968658
730185968665
730185968672
730185968689
730185968696
730185968702
730185968719
730185968726
730185968733
730185968740
730185968757
730185968764
730185968771
730185968788
730185968795
730185968801
730185968818
730185968825
730185968832
730185968849
730185968856
730185968863
730185968870
730185968887
730185968894
730185968900
730185968917
730185968924
730185968931
730185968948
730185968955
730185968962
730185968979
730185968986
730185968993
730185969006
730185969013
730185969020
730185969037
730185969044
730185969051
730185969068
730185969075
730185969082
730185969099
730185969105
730185969112
730185969129
730185969136
730185969143
730185969150
730185969167
730185969174
730185969181
730185969198
730185969204
730185969211
730185969228
730185969235
730185969242
730185969259
730185969266
730185969273
730185969280
730185969297
730185969303
730185969310
730185969327
730185969334
730185969341
730185969358
730185969365
730185969372
730185969389
730185969396
730185969402
730185969419
730185969426
730185969433
730185969440
730185969457
730185969464
730185969471
730185969488
730185969495
730185969501
730185969518
730185969525
730185969532
730185969549
730185969556
730185969563
730185969570
730185969587
730185969594
730185969600
730185969617
730185969624
730185969631
730185969648
730185969655
730185969662
730185969679
730185969686
730185969693
730185969709
730185969716
730185969723
730185969730
730185969747
730185969754
730185969761
730185969778
730185969785
730185969792
730185969808
730185969815
730185969822
730185969839
730185969846
730185969853
730185969860
730185969877
730185969884
730185969891
730185969907
730185969914
730185969921
730185969938
730185969945
730185969952
730185969969
730185969976
730185969983
730185969990
730185970002
730185970019
730185970026
730185970033
730185970040
730185970057
730185970064
730185970071
730185970088
730185970095
730185970101
730185970118
730185970125
730185970132
730185970149
730185970156
730185970163
730185970170
730185970187
730185970194
730185970200
730185970217
730185970224
730185970231
730185970248
730185970255
730185970262
730185970279
730185970286
730185970293
730185970309
730185970316
730185970323
730185970330
730185970347
730185970354
730185970361
730185970378
730185970385
730185970392
730185970408
730185970415
730185970422
730185970439
730185970446
730185970453
730185970460
730185970477
730185970484
730185970491
730185970507
730185970514
730185970521
730185970538
730185970545
730185970552
730185970569
730185970576
730185970583
730185970590
730185970606
730185970613
730185970620
730185970637
730185970644
730185970651
730185970668
730185970675
730185970682
730185970699
730185970705
730185970712
730185970729
730185970736
730185970743
730185970750
730185970767
730185970774
730185970781
730185970798
730185970804
730185970811
730185970828
730185970835
730185970842
730185970859
730185970866
730185970873
730185970880
730185970897
730185970903
730185970910
730185970927
730185970934
730185970941
730185970958
730185970965
730185970972
730185970989
730185970996
730185971009
730185971016
730185971023
730185971030
730185971047
730185971054
730185971061
730185971078
730185971085
730185971092
730185971108
730185971115
730185971122
730185971139
730185971146
730185971153
730185971160
730185971177
730185971184
730185971191
730185971207
730185971214
730185971221
730185971238
730185971245
730185971252
730185971269
730185971276
730185971283
730185971290
730185971306
730185971313
730185971320
730185971337
730185971344
730185971351
730185971368
730185971375
730185971382
730185971399
730185971405
730185971412
730185971429
730185971436
730185971443
730185971450
730185971467
730185971474
730185971481
730185971498
730185971504
730185971511
730185971528
730185971535
730185971542
730185971559
730185971566
730185971573
730185971580
730185971597
730185971603
730185971610
730185971627
730185971634
730185971641
730185971658
730185971665
730185971672
730185971689
730185971696
730185971702
730185971719
730185971726
730185971733
730185971740
730185971757
730185971764
730185971771
730185971788
730185971795
730185971801
730185971818
730185971825
730185971832
730185971849
730185971856
730185971863
730185971870
730185971887
730185971894
730185971900
730185971917
730185971924
730185971931
730185971948
730185971955
730185971962
730185971979
730185971986
730185971993
730185972006
730185972013
730185972020
730185972037
730185972044
730185972051
730185972068
730185972075
730185972082
730185972099
730185972105
730185972112
730185972129
730185972136
730185972143
730185972150
730185972167
730185972174
730185972181
730185972198
730185972204
730185972211
730185972228
730185972235
730185972242
730185972259
730185972266
730185972273
730185972280
730185972297
730185972303
730185972310
730185972327
730185972334
730185972341
730185972358
730185972365
730185972372
730185972389
730185972396
730185972402
730185972419
730185972426
730185972433
730185972440
730185972457
730185972464
730185972471
730185972488
730185972495
730185972501
730185972518
730185972525
730185972532
730185972549
730185972556
730185972563
730185972570
730185972587
730185972594
730185972600
730185972617
730185972624
730185972631
730185972648
730185972655
730185972662
730185972679
730185972686
730185972693
730185972709
730185972716
730185972723
730185972730
730185972747
730185972754
730185972761
730185972778
730185972785
730185972792
730185972808
730185972815
730185972822
730185972839
730185972846
730185972853
730185972860
730185972877
730185972884
730185972891
730185972907
730185972914
730185972921
730185972938
730185972945
730185972952
730185972969
730185972976
730185972983
730185972990
730185973003
730185973010
730185973027
730185973034
730185973041
730185973058
730185973065
730185973072
730185973089
730185973096
730185973102
730185973119
730185973126
730185973133
730185973140
730185973157
730185973164
730185973171
730185973188
730185973195
730185973201
730185973218
730185973225
730185973232
730185973249
730185973256
730185973263
730185973270
730185973287
730185973294
730185973300
730185973317
730185973324
730185973331
730185973348
730185973355
730185973362
730185973379
730185973386
730185973393
730185973409
730185973416
730185973423
730185973430
730185973447
730185973454
730185973461
730185973478
730185973485
730185973492
730185973508
730185973515
730185973522
730185973539
730185973546
730185973553
730185973560
730185973577
730185973584
730185973591
730185973607
730185973614
730185973621
730185973638
730185973645
730185973652
730185973669
730185973676
730185973683
730185973690
730185973706
730185973713
730185973720
730185973737
730185973744
730185973751
730185973768
730185973775
730185973782
730185973799
730185973805
730185973812
730185973829
730185973836
730185973843
730185973850
730185973867
730185973874
730185973881
730185973898
730185973904
730185973911
730185973928
730185973935
730185973942
730185973959
730185973966
730185973973
730185973980
730185973997
730185974000
730185974017
730185974024
730185974031
730185974048
730185974055
730185974062
730185974079
730185974086
730185974093
730185974109
730185974116
730185974123
730185974130
730185974147
730185974154
730185974161
730185974178
730185974185
730185974192
730185974208
730185974215
730185974222
730185974239
730185974246
730185974253
730185974260
730185974277
730185974284
730185974291
730185974307
730185974314
730185974321
730185974338
730185974345
730185974352
730185974369
730185974376
730185974383
730185974390
730185974406
730185974413
730185974420
730185974437
730185974444
730185974451
730185974468
730185974475
730185974482
730185974499
730185974505
730185974512
730185974529
730185974536
730185974543
730185974550
730185974567
730185974574
730185974581
730185974598
730185974604
730185974611
730185974628
730185974635
730185974642
730185974659
730185974666
730185974673
730185974680
730185974697
730185974703
730185974710
730185974727
730185974734
730185974741
730185974758
730185974765
730185974772
730185974789
730185974796
730185974802
730185974819
730185974826
730185974833
730185974840
730185974857
730185974864
730185974871
730185974888
730185974895
730185974901
730185974918
730185974925
730185974932
730185974949
730185974956
730185974963
730185974970
730185974987
730185974994
